6:3,7
8:3,5,17
10:3,11,31
12:3,5,7,13
14:3,43,127
16:3,5,17,257
18:3,7,19,73
20:3,5,11,31,41
22:3,23,89,683
24:3,5,7,13,17,241
26:3,2731,8191
28:3,5,29,43,113,127
30:3,7,11,31,151,331
32:3,5,17,257,65537
34:3,43691,131071
36:3,5,7,13,19,37,73,109
38:3,174763,524287
40:3,5,11,17,31,41,61681
42:3,7,43,127,337,5419
44:3,5,23,89,397,683,2113
46:3,47,178481,2796203
48:3,5,7,13,17,97,241,257,673
50:3,11,31,251,601,1801,4051
52:3,5,53,157,1613,2731,8191
54:3,7,19,73,87211,262657
56:3,5,17,29,43,113,127,15790321
58:3,59,233,1103,2089,3033169
60:3,5,7,11,13,31,41,61,151,331,1321
62:3,715827883,2147483647
64:3,5,17,257,641,65537,6700417
66:3,7,23,67,89,683,20857,599479
68:3,5,137,953,26317,43691,131071
70:3,11,31,43,71,127,281,86171,122921
72:3,5,7,13,17,19,37,73,109,241,433,38737
74:3,223,1777,25781083,616318177
76:3,5,229,457,174763,524287,525313
78:3,7,79,2731,8191,121369,22366891
80:3,5,11,17,31,41,257,61681,4278255361
82:3,83,13367,164511353,8831418697
84:3,5,7,13,29,43,113,127,337,1429,5419,14449
86:3,431,9719,2099863,2932031007403
88:3,5,17,23,89,353,397,683,2113,2931542417
90:3,7,11,19,31,73,151,331,631,23311,18837001
92:3,5,47,277,1013,1657,30269,178481,2796203
94:3,283,2351,4513,13264529,165768537521
96:3,5,7,13,17,97,193,241,257,673,65537,22253377
98:3,43,127,4363953127297,4432676798593
100:3,5,11,31,41,101,251,601,1801,4051,8101,268501
102:3,7,103,307,2143,2857,6529,11119,43691,131071
104:3,5,17,53,157,1613,2731,8191,858001,308761441
106:3,107,6361,69431,20394401,28059810762433
108:3,5,7,13,19,37,73,109,87211,246241,262657,279073
110:3,11,23,31,89,683,881,2971,3191,201961,48912491
112:3,5,17,29,43,113,127,257,5153,15790321,54410972897
114:3,7,571,32377,174763,524287,1212847,160465489
116:3,5,59,233,1103,2089,3033169,107367629,536903681
118:3,2833,37171,179951,1824726041,3203431780337
120:3,5,7,11,13,17,31,41,61,151,241,331,1321,61681,4562284561
122:3,768614336404564651,2305843009213693951
124:3,5,5581,8681,49477,384773,715827883,2147483647
126:3,7,19,43,73,127,337,5419,92737,649657,77158673929
128:3,5,17,257,641,65537,274177,6700417,67280421310721
130:3,11,31,131,2731,8191,409891,7623851,145295143558111
132:3,5,7,13,23,67,89,397,683,2113,20857,312709,599479,4327489
134:3,7327657,193707721,761838257287,6713103182899
136:3,5,17,137,953,26317,43691,131071,354689,2879347902817
138:3,7,47,139,178481,2796203,168749965921,10052678938039
140:3,5,11,29,31,41,43,71,113,127,281,86171,122921,7416361,47392381
142:3,228479,48544121,56409643,212885833,13952598148481
144:3,5,7,13,17,19,37,73,97,109,241,257,433,577,673,38737,487824887233
146:3,439,1753,2298041,9361973132609,1795918038741070627
148:3,5,149,223,593,1777,25781083,184481113,231769777,616318177
150:3,7,11,31,151,251,331,601,1801,4051,100801,10567201,1133836730401
152:3,5,17,229,457,1217,148961,174763,524287,525313,24517014940753
154:3,23,43,89,127,617,683,78233,35532364099,581283643249112959
156:3,5,7,13,53,79,157,313,1249,1613,2731,3121,8191,21841,121369,22366891
158:3,2687,202029703,1113491139767,201487636602438195784363
160:3,5,11,17,31,41,257,61681,65537,414721,4278255361,44479210368001
162:3,7,19,73,163,2593,71119,87211,135433,262657,97685839,272010961
164:3,5,83,10169,13367,181549,12112549,43249589,164511353,8831418697
166:3,167,499,1163,2657,155377,13455809771,57912614113275649087721
168:3,5,7,13,17,29,43,113,127,241,337,1429,3361,5419,14449,15790321,88959882481
170:3,11,31,43691,131071,9520972806333758431,26831423036065352611
172:3,5,173,431,9719,101653,500177,2099863,1759217765581,2932031007403
174:3,7,59,233,1103,2089,4177,3033169,9857737155463,96076791871613611
176:3,5,17,23,89,257,353,397,683,2113,229153,119782433,2931542417,43872038849
178:3,179,62020897,18584774046020617,618970019642690137449562111
180:3,5,7,11,13,19,31,37,41,61,73,109,151,181,331,631,1321,23311,54001,18837001,29247661
182:3,43,127,911,2731,8191,224771,1210483,112901153,23140471537,25829691707
184:3,5,17,47,277,1013,1657,30269,178481,2796203,291280009243618888211558641
186:3,7,529510939,715827883,2147483647,2903110321,658812288653553079
188:3,5,283,2351,3761,4513,13264529,7484047069,165768537521,140737471578113
190:3,11,31,191,2281,174763,524287,420778751,30327152671,3011347479614249131
192:3,5,7,13,17,97,193,241,257,641,673,65537,6700417,22253377,18446744069414584321
194:3,971,1553,11447,31817,1100876018364883721,13842607235828485645766393
196:3,5,29,43,113,127,197,19707683773,4363953127297,4432676798593,4981857697937
198:3,7,19,23,67,73,89,199,683,5347,20857,153649,599479,33057806959,242099935645987
200:3,5,11,17,31,41,101,251,401,601,1801,4051,8101,61681,268501,340801,2787601,3173389601
202:3,7432339208719,341117531003194129,845100400152152934331135470251
204:3,5,7,13,103,137,307,409,953,2143,2857,3061,6529,11119,13669,26317,43691,131071,1326700741
206:3,2550183799,415141630193,8142767081771726171,3976656429941438590393
208:3,5,17,53,157,257,1613,2731,8191,858001,308761441,78919881726271091143763623681
210:3,7,11,31,43,71,127,151,211,281,331,337,5419,29191,86171,106681,122921,152041,664441,1564921
212:3,5,107,6361,69431,15358129,20394401,586477649,28059810762433,1801439824104653
214:3,643,84115747449047881488635567801,162259276829213363391578010288127
216:3,5,7,13,17,19,37,73,109,241,433,38737,87211,246241,262657,279073,33975937,138991501037953
218:3,104124649,745988807,870035986098720987332873,2077756847362348863128179
220:3,5,11,23,31,41,89,397,683,881,2113,2971,3191,201961,48912491,415878438361,3630105520141
222:3,7,223,1777,3331,17539,321679,25781083,26295457,319020217,616318177,107775231312019
224:3,5,17,29,43,113,127,257,449,2689,5153,65537,15790321,183076097,54410972897,358429848460993
226:3,227,3391,23279,48817,65993,1868569,636190001,1066818132868207,491003369344660409
228:3,5,7,13,229,457,571,32377,131101,160969,174763,524287,525313,1212847,160465489,275415303169
230:3,11,31,47,691,14951,178481,2796203,4036961,1884103651,345767385170491,2646507710984041
232:3,5,17,59,233,1103,2089,59393,3033169,107367629,536903681,82280195167144119832390568177
234:3,7,19,73,79,937,2731,6553,8191,86113,121369,22366891,7830118297,5302306226370307681801
236:3,5,1181,2833,3541,37171,157649,174877,179951,5521693,1824726041,104399276341,3203431780337
238:3,43,127,239,20231,43691,131071,823679683,62983048367,131105292137,143162553165560959297
240:3,5,7,11,13,17,31,41,61,97,151,241,257,331,673,1321,61681,394783681,4278255361,4562284561,46908728641
242:3,23,89,683,727,117371,11054184582797800455736061107,1786393878363164227858270210279
244:3,5,733,1709,3456749,368140581013,667055378149,768614336404564651,2305843009213693951
246:3,7,83,739,13367,165313,3887047,164511353,8831418697,13194317913029593,177722253954175633
248:3,5,17,5581,8681,49477,290657,384773,715827883,2147483647,3770202641,1141629180401976895873
250:3,11,31,251,601,1801,4051,229668251,269089806001,4710883168879506001,5519485418336288303251
252:3,5,7,13,19,29,37,43,73,109,113,127,337,1429,5419,14449,92737,649657,40388473189,77158673929,118750098349
254:3,56713727820156410577229101238628035243,170141183460469231731687303715884105727
256:3,5,17,257,641,65537,274177,6700417,67280421310721,59649589127497217,5704689200685129054721
258:3,7,431,1033,9719,2099863,1591582393,2932031007403,15686603697451,11053036065049294753459639
260:3,5,11,31,41,53,131,157,521,1613,2731,8191,51481,409891,7623851,34110701,108140989558681,145295143558111
262:3,263,1049,4744297,182331128681207781784391813611,10350794431055162386718619237468234569
264:3,5,7,13,17,23,67,89,241,353,397,683,2113,7393,20857,312709,599479,4327489,1761345169,2931542417,98618273953
266:3,43,127,4523,174763,524287,106788290443848295284382097033,163537220852725398851434325720959
268:3,5,269,7327657,15152453,42875177,193707721,2559066073,761838257287,6713103182899,9739278030221
270:3,7,11,19,31,73,151,271,331,631,811,15121,23311,87211,262657,348031,18837001,49971617830801,385838642647891
272:3,5,17,137,257,953,26317,43691,131071,354689,383521,2368179743873,2879347902817,373200722470799764577
274:3,1097,15619,32127963626435681,105498212027592977,32032215596496435569,5439042183600204290159
276:3,5,7,13,47,139,277,1013,1657,30269,178481,2796203,168749965921,5415624023749,10052678938039,70334392823809
278:3,4506937,5625767248687,123876132205208335762278423601,51542639524661795300074174250365699
280:3,5,11,17,29,31,41,43,71,113,127,281,61681,86171,122921,7416361,15790321,47392381,84179842077657862011867889681
282:3,7,283,2351,4513,1681003,13264529,4375578271,35273039401,111349165273,165768537521,646675035253258729
284:3,5,569,228479,48544121,56409643,148587949,212885833,4999465853,5585522857,472287102421,13952598148481
286:3,23,89,683,2003,2731,8191,724153,6156182033,10425285443,158822951431,15500487753323,5782172113400990737
288:3,5,7,13,17,19,37,73,97,109,193,241,257,433,577,673,1153,6337,38737,65537,22253377,38941695937,278452876033,487824887233
290:3,11,31,59,233,1103,2089,3033169,7553921,999802854724715300883845411,2679895157783862814690027494144991
292:3,5,293,439,1753,9929,2298041,9361973132609,649301712182209,1795918038741070627,9444732965601851473921
294:3,7,43,127,337,5419,748819,4363953127297,4432676798593,26032885845392093851,2741672362528725535068727
296:3,5,17,149,223,593,1777,25781083,184481113,231769777,616318177,20988936657440586486151264256610222593863921
298:3,1193,650833,38369587,86656268566282183151,8235109336690846723986161,7984559573504259856359124657
300:3,5,7,11,13,31,41,61,101,151,251,331,601,1201,1321,1801,4051,8101,63901,100801,268501,10567201,13334701,1182468601,1133836730401
